1 -0.0203816 -0.00526062
2 -3.07851 -1.2
3 0.149841 1.2
4 0.0243555 -0.0446969
5 -1.19483 -1.2
6 -0.789752 0.0739903
7 -0.863513 -0.322501
8 -1.03031 -0.446139
9 -0.875802 -0.150042
10 -0.736124 -0.120443
11 -0.449822 0.0793647
12 -0.231517 0.0915864
13 -0.17609 -0.0190062
14 -0.13786 -0.0361361
15 -0.0728302 0.0191136
16 0.160299 0.22033
17 0.268194 0.155285
18 0.295274 0.100667
19 0.299134 0.0840131
20 0.26856 0.0482513
21 0.236461 0.0376682
22 0.20285 0.0266089
23 0.1773 0.0254087
24 0.149701 0.0156798
25 0.116508 0.00147578
26 0.0893363 -0.00189012
27 0.0914154 0.0216407
28 0.147833 0.0810976
29 0.22782 0.123706
30 0.27356 0.110989
31 0.171572 -0.0346644
32 0.0188736 -0.120008
33 -0.011107 -0.0332941
34 0.0616984 0.0687824
35 0.128854 0.0846515
36 0.159322 0.0653342
37 0.00509158 -0.124994
38 -0.0900771 -0.107567
39 -0.121139 -0.0670032
40 -0.127458 -0.0497275
41 -0.1256 -0.0429167
42 -0.117517 -0.0357542
43 -0.110372 -0.0344533
44 -0.0976665 -0.0264012
45 -0.0822985 -0.0197967
46 -0.0719984 -0.0207317
47 -0.0491574 -0.0041466
48 -0.0261618 0.00284648
49 -0.00525972 0.00747897
50 0.0147478 0.0127982
51 0.030801 0.0145605
52 0.0424843 0.0146995
53 0.048882 0.012545
54 0.0554683 0.0147234
55 0.0816822 0.0379788
56 0.137345 0.0777847
57 0.179478 0.0800517
58 0.182171 0.0502778
59 0.0678357 -0.0752365
60 -0.000753327 -0.0601321
61 -0.0485846 -0.020982
62 -0.130535 -0.109619
63 -0.199806 -0.12071
64 -0.210514 -0.0784541
65 -0.0916527 0.0581768
66 -0.0269947 0.0352687
67 -0.00906585 0.00418957
68 0.00453711 0.00490078
69 0.0154374 0.00607821
70 0.0344992 0.0181972
71 0.0514053 0.021639
72 0.0632873 0.0213481
73 0.0741051 0.0238375
74 0.0785523 0.0202811
75 0.0753213 0.015843
76 0.0662507 0.00611304
77 0.0614655 0.00808152
78 0.0490063 -0.00159299
79 0.033724 -0.00834591
80 0.0230183 -0.00796488
81 0.0163354 -0.00681559
82 0.0124047 -0.00583573
83 0.00930553 -0.00610756
84 0.0077192 -0.00539573
85 0.00932009 -0.00367812
86 0.0147077 0.00215521
87 0.0118593 -0.00511152
88 0.00898448 -0.00598564
89 0.00961239 -0.0030555
90 0.0107581 -0.00229713
91 0.0136493 -0.00116858
92 0.0170615 0.00140608
93 0.0197586 0.00167718
94 0.0215384 0.00151726
95 0.024901 0.00378543
96 0.0280241 0.00209955
97 0.0310669 0.00301241
98 0.0325914 0.00469139
99 0.0061135 -0.00444103
100 0.266578 0.142219
101 2.41299 1.2
102 2.22246 0.51729
103 1.88173 0.299791
104 1.98596 0.680113
105 1.56382 0.472174
106 1.22831 0.11105
107 1.03873 0.169047
108 0.822864 0.0845973
109 0.664042 0.0821135
110 0.530043 0.061806
111 0.406428 0.0332267
112 0.267558 -0.0200657
113 0.127339 0.0461875
114 -0.043386 -0.138239
115 -0.175847 -0.148307
116 -0.25741 -0.133333
117 -0.301406 -0.117531
118 -0.234492 -0.0111816
119 -0.192289 -0.017988
120 -0.206356 -0.0663038
121 -0.231337 -0.0825432
122 -0.260797 -0.0839065
123 -0.282909 -0.0965818
124 -0.304035 -0.102453
125 -0.331185 -0.0941209
126 -0.347259 -0.111828
127 -0.369473 -0.105954
128 -0.393779 -0.132599
129 -0.403303 -0.116497
130 -0.414742 -0.119929
131 -0.414742 -0.119929
132 -0.414742 -0.119929
133 -0.414742 -0.119929
134 -0.415182 -0.120819
135 -0.415182 -0.120476
136 -0.415182 -0.120476
137 -0.415182 -0.120476
138 -0.415182 -0.120476
139 -0.415588 -0.120598
140 -0.415588 -0.120598
141 -0.415588 -0.120598
142 -0.415588 -0.120598
143 -0.415588 -0.120598
144 -0.416032 -0.120731
145 -0.416032 -0.120731
146 -0.416032 -0.120731
147 -0.416032 -0.120731
148 -0.416032 -0.120731
149 -0.416459 -0.120859
150 -0.416459 -0.120859
151 -0.416459 -0.120859
152 -0.416459 -0.120859
153 -0.416459 -0.120859
154 -0.416901 -0.120992
155 -0.416901 -0.120992
156 -0.416901 -0.120992
157 -0.416901 -0.120992
158 -0.416901 -0.120992
159 -0.417281 -0.121106
160 -0.417281 -0.121106
161 -0.417281 -0.121106
162 -0.417281 -0.121106
163 -0.417673 -0.121224
164 -0.417673 -0.121224
165 -0.417673 -0.121224
166 -0.417673 -0.121224
167 -0.417673 -0.121224
168 -0.418013 -0.121325
169 -0.418013 -0.121325
170 -0.418013 -0.121325
171 -0.418013 -0.121325
172 -0.418013 -0.121325
173 -0.418397 -0.121441
174 -0.418397 -0.121441
175 -0.418397 -0.121441
176 -0.418397 -0.121441
177 -0.418397 -0.121441
178 -0.418764 -0.121551
179 -0.418764 -0.121551
180 -0.418764 -0.121551
181 -0.418764 -0.121551
182 -0.419125 -0.121659
183 -0.419125 -0.121659
184 -0.419125 -0.121659
185 -0.419125 -0.121659
186 -0.419501 -0.121772
187 -0.419501 -0.121772
188 -0.419501 -0.121772
189 -0.419501 -0.121772
190 -0.419501 -0.121772
191 -0.41987 -0.121882
192 -0.41987 -0.122302
193 -0.41987 -0.122302
194 -0.41987 -0.122302
195 -0.41987 -0.122302
196 -0.420225 -0.122409
197 -0.420225 -0.122409
198 -0.420225 -0.122409
199 -0.420225 -0.122409
200 -0.420225 -0.122409
201 -0.420644 -0.122535
202 -0.420644 -0.122535
203 -0.420644 -0.122535
204 -0.420644 -0.122535
205 -0.420644 -0.122535
206 -0.421084 -0.122666
207 -0.421084 -0.122666
208 -0.421084 -0.122666
209 -0.421084 -0.122666
210 -0.421084 -0.122666
211 -0.421458 -0.122779
212 -0.421458 -0.122779
213 -0.421458 -0.122779
214 -0.421458 -0.122779
215 -0.421458 -0.122779
216 -0.421882 -0.122906
217 -0.421882 -0.122906
218 -0.421882 -0.122906
219 -0.421882 -0.122906
220 -0.422263 -0.12302
221 -0.422263 -0.12302
222 -0.422263 -0.12302
223 -0.422263 -0.12302
224 -0.422263 -0.12302
225 -0.42264 -0.123133
226 -0.42264 -0.123133
227 -0.42264 -0.123133
228 -0.42264 -0.123133
229 -0.423007 -0.123244
230 -0.423007 -0.123244
231 -0.423007 -0.123244
232 -0.423007 -0.123244
233 -0.423007 -0.123244
234 -0.423381 -0.123356
235 -0.423381 -0.123356
236 -0.423381 -0.123356
237 -0.423381 -0.123356
238 -0.423381 -0.123356
239 -0.423764 -0.123471
240 -0.423764 -0.123471
241 -0.423764 -0.123471
242 -0.423764 -0.123471
243 -0.423764 -0.123471
244 -0.424192 -0.123599
245 -0.424192 -0.123599
246 -0.424192 -0.123599
247 -0.424192 -0.123599
248 -0.424192 -0.123599
249 -0.424613 -0.123725
250 -0.424613 -0.12415
251 -0.424613 -0.12415
252 -0.424613 -0.12415
253 -0.424613 -0.12415
254 -0.425022 -0.124272
255 -0.425022 -0.124272
256 -0.425022 -0.124272
257 -0.425022 -0.124272
258 -0.425022 -0.124272
259 -0.42544 -0.124398
260 -0.42544 -0.124398
261 -0.42544 -0.124398
262 -0.42544 -0.124398
263 -0.42544 -0.124398
264 -0.425888 -0.124532
265 -0.425888 -0.124532
266 -0.425888 -0.124532
267 -0.425888 -0.124532
268 -0.425888 -0.124532
269 -0.426326 -0.124664
270 -0.426326 -0.124664
271 -0.426326 -0.124664
272 -0.426326 -0.124664
273 -0.426732 -0.124786
274 -0.426732 -0.124786
275 -0.426732 -0.124786
276 -0.426732 -0.124786
277 -0.426732 -0.124786
278 -0.426732 -0.124786
279 -0.427125 -0.124904
280 -0.427125 -0.124904
281 -0.427125 -0.124904
282 -0.427125 -0.124904
283 -0.427125 -0.124904
284 -0.427554 -0.125032
285 -0.427554 -0.125032
286 -0.427554 -0.125032
287 -0.427554 -0.125032
288 -0.427554 -0.125032
289 -0.427943 -0.125149
290 -0.427943 -0.125149
291 -0.427943 -0.125149
292 -0.427943 -0.125149
293 -0.427943 -0.125149
294 -0.428384 -0.125281
295 -0.428384 -0.125281
296 -0.428384 -0.125281
297 -0.428384 -0.125281
298 -0.42883 -0.125415
299 -0.42883 -0.125415
300 -0.42883 -0.125415
301 -0.42883 -0.125415
302 -0.42883 -0.125415
303 -0.429227 -0.125534
304 -0.429227 -0.125534
305 -0.429227 -0.125534
306 -0.429227 -0.125534
307 -0.429615 -0.12565
308 -0.429615 -0.12565
309 -0.429615 -0.12565
310 -0.429615 -0.12608
311 -0.429615 -0.12608
312 -0.429615 -0.12608
313 -0.430007 -0.126198
314 -0.430007 -0.126198
315 -0.430007 -0.126198
316 -0.430007 -0.126198
317 -0.430007 -0.126198
318 -0.430394 -0.126314
319 -0.430394 -0.126314
320 -0.430394 -0.126314
321 -0.430394 -0.126314
322 -0.430394 -0.126314
323 -0.430818 -0.126441
324 -0.430818 -0.126441
325 -0.430818 -0.126441
326 -0.430818 -0.126441
327 -0.430818 -0.126441
328 -0.431224 -0.126563
329 -0.431224 -0.126563
330 -0.431224 -0.126563
331 -0.431224 -0.126563
332 -0.431224 -0.126563
333 -0.431667 -0.126696
334 -0.431667 -0.126696
335 -0.431667 -0.126696
336 -0.431667 -0.126696
337 -0.431667 -0.126696
338 -0.432059 -0.126813
339 -0.432059 -0.126813
340 -0.432059 -0.126813
341 -0.432059 -0.126813
342 -0.432059 -0.126813
343 -0.432526 -0.126953
344 -0.432526 -0.126953
345 -0.432526 -0.126953
346 -0.432526 -0.126953
347 -0.432526 -0.126953
348 -0.432975 -0.127088
349 -0.432975 -0.127088
350 -0.432975 -0.127088
351 -0.432975 -0.127088
352 -0.432975 -0.127088
353 -0.433378 -0.127209
354 -0.433378 -0.127209
355 -0.433378 -0.127209
356 -0.433378 -0.127209
357 -0.433378 -0.127209
358 -0.433809 -0.127338
359 -0.433809 -0.127338
360 -0.433809 -0.127338
361 -0.433809 -0.127338
362 -0.433809 -0.127338
363 -0.43427 -0.127477
364 -0.43427 -0.127477
365 -0.43427 -0.127477
366 -0.43427 -0.127477
367 -0.43427 -0.127477
368 -0.434723 -0.128401
369 -0.434723 -0.128047
370 -0.434723 -0.128047
371 -0.434723 -0.128047
372 -0.435143 -0.128173
373 -0.435143 -0.128173
374 -0.435143 -0.128173
375 -0.435143 -0.128173
376 -0.435143 -0.128173
377 -0.435528 -0.128289
378 -0.435528 -0.128289
379 -0.435528 -0.128289
380 -0.435528 -0.128289
381 -0.435528 -0.128289
382 -0.435916 -0.128405
383 -0.435916 -0.128405
384 -0.435916 -0.128405
385 -0.435916 -0.128405
386 -0.436316 -0.128525
387 -0.436316 -0.128525
388 -0.436316 -0.128525
389 -0.436316 -0.128525
390 -0.436316 -0.128525
391 -0.4367 -0.12864
392 -0.4367 -0.12864
393 -0.4367 -0.12864
394 -0.4367 -0.12864
395 -0.4367 -0.12864
396 -0.437093 -0.128758
397 -0.437093 -0.128758
398 -0.437093 -0.128758
399 -0.437093 -0.128758
400 -0.437093 -0.128758
401 -0.437488 -0.128877
402 -0.437488 -0.128877
403 -0.437488 -0.128877
404 -0.437488 -0.128877
405 -0.437488 -0.128877
406 -0.437865 -0.12899
407 -0.437865 -0.12899
408 -0.437865 -0.12899
409 -0.438313 -0.129124
410 -0.438313 -0.129124
411 -0.438313 -0.129124
412 -0.438313 -0.129124
413 -0.438313 -0.129124
414 -0.438715 -0.129245
415 -0.438715 -0.129245
416 -0.438715 -0.129245
417 -0.438715 -0.129245
418 -0.439167 -0.12938
419 -0.439167 -0.12938
420 -0.439167 -0.12938
421 -0.439568 -0.129501
422 -0.439568 -0.129501
423 -0.439568 -0.129501
424 -0.439568 -0.12994
425 -0.439568 -0.12994
426 -0.439951 -0.130055
427 -0.439951 -0.130055
428 -0.439951 -0.130055
429 -0.439951 -0.130055
430 -0.440334 -0.13017
431 -0.440334 -0.13017
432 -0.440334 -0.13017
433 -0.440334 -0.13017
434 -0.440334 -0.13017
435 -0.440722 -0.130287
436 -0.440722 -0.130287
437 -0.440722 -0.130287
438 -0.440722 -0.130287
439 -0.440722 -0.130287
440 -0.441185 -0.130425
441 -0.441185 -0.130425
442 -0.441185 -0.130425
443 -0.441185 -0.130425
444 -0.441185 -0.130425
445 -0.441674 -0.130572
446 -0.441674 -0.130572
447 -0.441674 -0.130572
448 -0.441674 -0.130572
449 -0.441674 -0.130572
450 -0.442135 -0.13071
451 -0.442135 -0.13071
452 -0.442135 -0.13071
453 -0.442135 -0.13071
454 -0.442135 -0.13071
455 -0.442601 -0.13085
456 -0.442601 -0.13085
457 -0.442601 -0.13085
458 -0.442601 -0.13085
459 -0.442601 -0.13085
460 -0.443026 -0.130978
461 -0.443026 -0.130978
462 -0.443026 -0.130978
463 -0.443026 -0.130978
464 -0.443026 -0.130978
465 -0.443446 -0.131104
466 -0.443446 -0.131104
467 -0.443446 -0.131104
468 -0.443446 -0.131104
469 -0.443446 -0.131104
470 -0.443909 -0.131243
471 -0.443909 -0.131243
472 -0.443909 -0.131243
473 -0.443909 -0.131243
474 -0.443909 -0.131243
475 -0.444366 -0.13138
476 -0.444366 -0.13138
477 -0.444366 -0.13138
478 -0.444366 -0.13138
479 -0.444366 -0.13138
480 -0.444827 -0.131518
481 -0.444827 -0.131518
482 -0.444827 -0.131963
483 -0.444827 -0.131963
484 -0.44529 -0.132102
485 -0.44529 -0.132102
486 -0.44529 -0.132102
487 -0.44529 -0.132102
488 -0.44529 -0.132102
489 -0.44571 -0.132228
490 -0.44571 -0.132228
491 -0.44571 -0.132228
492 -0.44571 -0.132228
493 -0.44571 -0.132228
494 -0.446165 -0.132364
495 -0.446165 -0.132364
496 -0.446165 -0.132364
497 -0.446165 -0.132364
498 -0.446165 -0.132364
499 -0.446653 -0.132511
500 -0.446653 -0.132511
501 -0.446653 -0.132511
502 -0.446653 -0.132511
503 -0.446653 -0.132511
504 -0.447121 -0.132651
505 -0.447121 -0.132651
506 -0.447121 -0.132651
507 -0.447121 -0.132651
508 -0.447121 -0.132651
509 -0.447578 -0.132788
510 -0.447578 -0.132788
511 -0.447578 -0.132788
512 -0.447578 -0.132788
513 -0.447578 -0.132788
514 -0.448042 -0.132927
515 -0.448042 -0.132927
516 -0.448042 -0.132927
517 -0.448042 -0.132927
518 -0.448042 -0.132927
519 -0.448505 -0.133066
520 -0.448505 -0.133066
521 -0.448505 -0.133066
522 -0.448505 -0.133066
523 -0.448505 -0.133066
524 -0.448946 -0.133198
525 -0.448946 -0.133198
526 -0.448946 -0.133198
527 -0.448946 -0.133198
528 -0.449377 -0.133328
529 -0.449377 -0.133328
530 -0.449377 -0.133328
531 -0.449377 -0.133328
532 -0.449377 -0.133328
533 -0.449842 -0.133467
534 -0.449842 -0.133467
535 -0.449842 -0.133467
536 -0.449842 -0.133467
537 -0.450278 -0.133598
538 -0.450278 -0.133598
539 -0.450278 -0.133598
540 -0.450278 -0.134048
541 -0.450278 -0.134048
542 -0.4507 -0.134175
543 -0.4507 -0.134175
544 -0.4507 -0.134175
545 -0.4507 -0.134175
546 -0.4507 -0.134175
547 -0.451176 -0.134318
548 -0.451176 -0.134318
549 -0.451176 -0.134318
550 -0.451176 -0.134318
551 -0.451176 -0.134318
552 -0.451665 -0.134464
553 -0.451665 -0.134464
554 -0.451665 -0.134464
555 -0.451665 -0.134464
556 -0.451665 -0.134464
557 -0.452143 -0.134608
558 -0.452143 -0.134608
559 -0.452143 -0.134608
560 -0.452143 -0.134608
561 -0.452665 -0.134764
562 -0.452665 -0.134764
563 -0.452665 -0.134764
564 -0.452665 -0.134764
565 -0.452665 -0.134764
566 -0.453084 -0.13489
567 -0.453084 -0.13489
568 -0.453084 -0.13489
569 -0.453084 -0.13489
570 -0.453084 -0.13489
571 -0.453507 -0.135017
572 -0.453507 -0.135017
573 -0.453507 -0.135017
574 -0.453507 -0.135017
575 -0.453932 -0.135145
576 -0.453932 -0.135145
577 -0.453932 -0.135145
578 -0.453932 -0.135145
579 -0.453932 -0.135145
580 -0.454336 -0.135266
581 -0.454336 -0.135266
582 -0.454336 -0.135266
583 -0.454336 -0.135266
584 -0.454336 -0.135266
585 -0.454757 -0.135392
586 -0.454757 -0.135392
587 -0.454757 -0.135392
588 -0.454757 -0.135392
589 -0.454757 -0.135392
590 -0.455238 -0.135536
591 -0.455238 -0.135536
592 -0.455238 -0.135536
593 -0.455238 -0.135536
594 -0.455238 -0.135536
595 -0.455674 -0.135667
596 -0.455674 -0.135667
597 -0.455674 -0.135667
598 -0.455674 -0.135667
599 -0.456119 -0.136604
600 -0.456119 -0.136257
601 -0.456119 -0.136257
602 -0.456119 -0.136257
603 -0.456119 -0.136257
604 -0.45654 -0.136383
605 -0.45654 -0.136383
606 -0.45654 -0.136383
607 -0.45654 -0.136383
608 -0.45654 -0.136383
609 -0.457019 -0.136527
610 -0.457019 -0.136527
611 -0.457019 -0.136527
612 -0.457019 -0.136527
613 -0.457019 -0.136527
614 -0.457474 -0.136663
615 -0.457474 -0.136663
616 -0.457474 -0.136663
617 -0.457474 -0.136663
618 -0.457474 -0.136663
619 -0.457954 -0.136807
620 -0.457954 -0.136807
621 -0.457954 -0.136807
622 -0.457954 -0.136807
623 -0.457954 -0.136807
624 -0.458414 -0.136945
625 -0.458414 -0.136945
626 -0.458414 -0.136945
627 -0.458414 -0.136945
628 -0.458414 -0.136945
629 -0.458882 -0.137086
630 -0.458882 -0.137086
631 -0.458882 -0.137086
632 -0.458882 -0.137086
633 -0.458882 -0.137086
634 -0.459313 -0.137215
635 -0.459313 -0.137215
636 -0.459313 -0.137215
637 -0.459313 -0.137215
638 -0.459313 -0.137215
639 -0.459791 -0.137358
640 -0.459791 -0.137358
641 -0.459791 -0.137358
642 -0.459791 -0.137358
643 -0.459791 -0.137358
644 -0.460288 -0.137507
645 -0.460288 -0.137507
646 -0.460288 -0.137507
647 -0.460288 -0.137507
648 -0.460288 -0.137507
649 -0.460776 -0.137654
650 -0.460776 -0.137654
651 -0.460776 -0.137654
652 -0.460776 -0.137654
653 -0.461273 -0.137803
654 -0.461273 -0.137803
655 -0.461273 -0.137803
656 -0.461273 -0.137803
657 -0.461273 -0.138264
658 -0.461722 -0.138399
659 -0.461722 -0.138399
660 -0.461722 -0.138399
661 -0.461722 -0.138399
662 -0.461722 -0.138399
663 -0.462183 -0.138537
664 -0.462183 -0.138537
665 -0.462183 -0.138537
666 -0.462183 -0.138537
667 -0.462183 -0.138537
668 -0.462693 -0.13869
669 -0.462693 -0.13869
670 -0.462693 -0.13869
671 -0.462693 -0.13869
672 -0.462693 -0.13869
673 -0.463187 -0.138838
674 -0.463187 -0.138838
675 -0.463187 -0.138838
676 -0.463187 -0.138838
677 -0.463187 -0.138838
678 -0.463703 -0.138993
679 -0.463703 -0.138993
680 -0.463703 -0.138993
681 -0.463703 -0.138993
682 -0.463703 -0.138993
683 -0.464235 -0.139153
684 -0.464235 -0.139153
685 -0.464235 -0.139153
686 -0.464235 -0.139153
687 -0.464235 -0.139153
688 -0.46478 -0.139316
689 -0.46478 -0.139316
690 -0.46478 -0.139316
691 -0.46478 -0.139316
692 -0.46478 -0.139316
693 -0.465258 -0.13946
694 -0.465258 -0.13946
695 -0.465258 -0.13946
696 -0.465258 -0.13946
697 -0.465258 -0.13946
698 -0.465751 -0.139608
699 -0.465751 -0.139608
700 -0.465751 -0.139608
701 -0.465751 -0.139608
702 -0.466222 -0.139749
703 -0.466222 -0.139749
704 -0.466222 -0.139749
705 -0.466222 -0.139749
706 -0.466222 -0.139749
707 -0.466704 -0.139893
708 -0.466704 -0.139893
709 -0.466704 -0.139893
710 -0.466704 -0.139893
711 -0.466704 -0.139893
712 -0.467161 -0.140031
713 -0.467161 -0.140031
714 -0.467161 -0.140031
715 -0.467161 -0.140031
716 -0.467161 -0.140498
717 -0.46763 -0.140638
718 -0.46763 -0.140638
719 -0.46763 -0.140638
720 -0.46763 -0.140638
721 -0.46763 -0.140638
722 -0.468119 -0.140785
723 -0.468119 -0.140785
724 -0.468119 -0.140785
725 -0.468119 -0.140785
726 -0.468119 -0.140785
727 -0.468604 -0.140931
728 -0.468604 -0.140931
729 -0.468604 -0.140931
730 -0.468604 -0.140931
731 -0.468604 -0.140931
732 -0.469078 -0.141073
733 -0.469078 -0.141073
734 -0.469078 -0.141073
735 -0.469078 -0.141073
736 -0.469578 -0.141223
737 -0.469578 -0.141223
738 -0.469578 -0.141223
739 -0.469578 -0.141223
740 -0.469578 -0.141223
741 -0.469578 -0.141223
742 -0.47009 -0.141376
743 -0.47009 -0.141376
744 -0.47009 -0.141376
745 -0.47009 -0.141376
746 -0.47009 -0.141376
747 -0.470595 -0.141528
748 -0.470595 -0.141528
749 -0.470595 -0.141528
750 -0.470595 -0.141528
751 -0.47109 -0.141677
752 -0.47109 -0.141677
753 -0.47109 -0.141677
754 -0.47109 -0.141677
755 -0.47109 -0.141677
756 -0.471532 -0.141809
757 -0.471532 -0.141809
758 -0.471532 -0.141809
759 -0.471532 -0.141809
760 -0.471532 -0.141809
761 -0.472033 -0.141959
762 -0.472033 -0.141959
763 -0.472033 -0.141959
764 -0.472033 -0.141959
765 -0.472033 -0.141959
766 -0.472566 -0.142119
767 -0.472566 -0.142119
768 -0.472566 -0.142119
769 -0.472566 -0.142119
770 -0.472566 -0.142119
771 -0.473082 -0.142274
772 -0.473082 -0.142274
773 -0.473082 -0.142274
774 -0.473082 -0.142274
775 -0.473082 -0.142274
776 -0.473546 -0.143249
777 -0.473546 -0.142887
778 -0.473546 -0.142887
779 -0.473546 -0.142887
780 -0.473546 -0.142887
781 -0.474036 -0.143034
782 -0.474036 -0.143034
783 -0.474036 -0.143034
784 -0.474036 -0.143034
785 -0.474036 -0.143034
786 -0.474557 -0.14319
787 -0.474557 -0.14319
788 -0.474557 -0.14319
789 -0.474557 -0.14319
790 -0.474557 -0.14319
791 -0.47509 -0.14335
792 -0.47509 -0.14335
793 -0.47509 -0.14335
794 -0.47509 -0.14335
795 -0.475567 -0.143493
796 -0.475567 -0.143493
797 -0.475567 -0.143493
798 -0.475567 -0.143493
799 -0.476044 -0.143636
800 -0.476044 -0.143636
801 -0.476044 -0.143636
802 -0.476044 -0.143636
803 -0.476044 -0.143636
804 -0.476535 -0.143783
805 -0.476535 -0.143783
806 -0.476535 -0.143783
807 -0.476535 -0.143783
808 -0.476535 -0.143783
809 -0.477043 -0.143936
810 -0.477043 -0.143936
811 -0.477043 -0.143936
812 -0.477043 -0.143936
813 -0.477043 -0.143936
814 -0.477557 -0.14409
815 -0.477557 -0.14409
816 -0.477557 -0.14409
817 -0.477557 -0.14409
818 -0.478091 -0.144251
819 -0.478091 -0.144251
820 -0.478091 -0.144251
821 -0.478091 -0.144251
822 -0.478091 -0.144251
823 -0.478563 -0.144392
824 -0.478563 -0.144392
825 -0.478563 -0.144392
826 -0.478563 -0.144392
827 -0.478563 -0.144392
828 -0.479087 -0.144549
829 -0.479087 -0.144549
830 -0.479087 -0.144549
831 -0.479596 -0.144702
832 -0.479596 -0.144702
833 -0.479596 -0.145181
834 -0.479596 -0.145181
835 -0.479596 -0.145181
836 -0.480068 -0.145323
837 -0.480068 -0.145323
838 -0.480068 -0.145323
839 -0.480068 -0.145323
840 -0.480595 -0.145481
841 -0.480595 -0.145481
842 -0.480595 -0.145481
843 -0.480595 -0.145481
844 -0.481093 -0.145631
845 -0.481093 -0.145631
846 -0.481093 -0.145631
847 -0.481093 -0.145631
848 -0.481093 -0.145631
849 -0.481586 -0.145779
850 -0.481586 -0.145779
851 -0.481586 -0.145779
852 -0.481586 -0.145779
853 -0.481586 -0.145779
854 -0.482077 -0.145926
855 -0.482077 -0.145926
856 -0.482077 -0.145926
857 -0.482077 -0.145926
858 -0.482552 -0.146068
859 -0.482552 -0.146068
860 -0.482552 -0.146068
861 -0.482552 -0.146068
862 -0.482552 -0.146068
863 -0.483067 -0.146223
864 -0.483067 -0.146223
865 -0.483067 -0.146223
866 -0.483067 -0.146223
867 -0.483067 -0.146223
868 -0.483575 -0.146375
869 -0.483575 -0.146375
870 -0.483575 -0.146375
871 -0.483575 -0.146375
872 -0.484051 -0.146518
873 -0.484051 -0.146518
874 -0.484051 -0.146518
875 -0.484051 -0.146518
876 -0.484051 -0.146518
877 -0.484522 -0.146659
878 -0.484522 -0.146659
879 -0.484522 -0.146659
880 -0.484522 -0.146659
881 -0.484991 -0.1468
882 -0.484991 -0.1468
883 -0.484991 -0.1468
884 -0.484991 -0.1468
885 -0.484991 -0.1468
886 -0.485528 -0.146961
887 -0.485528 -0.146961
888 -0.485528 -0.146961
889 -0.485528 -0.146961
890 -0.485528 -0.147446
891 -0.486052 -0.147604
892 -0.486052 -0.147604
893 -0.486052 -0.147604
894 -0.486052 -0.147604
895 -0.486052 -0.147604
896 -0.486575 -0.147761
897 -0.486575 -0.147761
898 -0.486575 -0.147761
899 -0.486575 -0.147761
900 -0.486575 -0.147761
901 -0.487148 -0.147932
902 -0.487148 -0.147932
903 -0.487148 -0.147932
904 -0.487148 -0.147932
905 -0.487148 -0.147932
906 -0.487704 -0.1481
907 -0.487704 -0.1481
908 -0.487704 -0.1481
909 -0.487704 -0.1481
910 -0.487704 -0.1481
911 -0.488253 -0.148264
912 -0.488253 -0.148264
913 -0.488253 -0.148264
914 -0.488253 -0.148264
915 -0.488253 -0.148264
916 -0.488805 -0.14843
917 -0.488805 -0.14843
918 -0.488805 -0.14843
919 -0.488805 -0.14843
920 -0.488805 -0.14843
921 -0.489378 -0.148602
922 -0.489378 -0.148602
923 -0.489378 -0.148602
924 -0.489378 -0.148602
925 -0.489378 -0.148602
926 -0.489935 -0.148769
927 -0.489935 -0.148769
928 -0.489935 -0.148769
929 -0.489935 -0.148769
930 -0.489935 -0.148769
931 -0.490495 -0.148937
932 -0.490495 -0.148937
933 -0.490495 -0.148937
934 -0.490495 -0.148937
935 -0.490495 -0.148937
936 -0.491105 -0.14912
937 -0.491105 -0.14912
938 -0.491105 -0.14912
939 -0.491105 -0.14912
940 -0.491105 -0.14912
941 -0.491678 -0.149292
942 -0.491678 -0.149292
943 -0.491678 -0.149292
