1 -1.99233 0.234659 0
2 1.37879 0 0.483433
3 2.63185 0 0.609596
4 0.51639 0 0.0488878
5 1.7979 0 0.447343
6 1.82158 0 0.37843
7 0.925522 0 0.14496
8 1.78915 0 0.425055
9 1.43912 0 0.283669
10 1.25317 0 0.257577
11 1.72015 0 0.39187
12 1.29831 0 0.255471
13 1.45481 0 0.322925
14 1.48891 0 0.324357
15 1.37505 0 0.295105
16 1.43066 0 0.317826
17 1.46212 0 0.324132
18 1.31714 0 0.285865
19 1.44944 0 0.330412
20 1.35916 0 0.300359
21 1.35462 0 0.305951
22 1.41704 0 0.32387
23 1.32521 0 0.297574
24 1.39031 0 0.321401
25 1.34723 0 0.307639
26 1.34396 0 0.310719
27 1.36125 0 0.316772
28 1.35619 0 0.315775
29 1.29848 0 0.302373
30 1.3478 0 0.320006
31 1.29692 0 0.305115
32 1.36912 0 0.328309
33 1.27118 0 0.299783
34 1.33471 0 0.323512
35 1.31931 0 0.317016
36 1.30848 0 0.316432
37 1.23766 0 0.299909
38 1.33378 0 0.33048
39 1.27986 0 0.311975
40 1.23174 0 0.30393
41 1.3156 0 0.329938
42 1.24548 0 0.307918
43 1.25557 0 0.316007
44 1.29236 0 0.326257
45 1.21406 0 0.304908
46 1.28253 0 0.328689
47 1.25743 0 0.319314
48 1.19164 0 0.304905
49 1.26696 0 0.329703
50 1.25462 0 0.323229
51 1.19155 0 0.308762
52 1.23555 0 0.325223
53 1.2307 0 0.322552
54 1.20494 0 0.317351
55 1.21418 0 0.322513
56 1.17656 0 0.313355
57 1.22344 0 0.329022
58 1.23365 0 0.330099
59 1.18625 0 0.318349
60 1.16264 0 0.316216
61 1.21789 0 0.328684
62 1.16386 0 0.315799
63 1.18133 0 0.324765
64 1.17494 0 0.32323
65 1.18233 0 0.326716
66 1.17001 0 0.32424
67 1.14651 0 0.320017
68 1.21177 0 0.339605
69 1.12448 0 0.314118
70 1.18297 0 0.335747
71 1.12196 0 0.317498
72 1.15451 0 0.330776
73 1.16786 0 0.333461
74 1.10605 0 0.317696
75 1.14771 0 0.329736
76 1.18092 0 0.339552
77 1.09264 0 0.315698
78 1.10239 0 0.324634
79 1.17311 0 0.343608
80 1.10124 0 0.321781
81 1.09355 0 0.325186
82 1.13564 0 0.337728
83 1.08726 0 0.323709
84 1.09966 0 0.330935
85 0.163645 0 0.142989
86 -0.0242526 0 0.0941118
87 0.860869 0 0.336378
88 0.609269 0 0.218464
89 0.476821 0 0.199601
90 0.653549 0 0.25415
91 0.587611 0 0.229556
92 0.558157 0 0.224434
93 0.74991 0 0.276807
94 0.49836 0 0.200397
95 0.478511 0 0.210808
96 -0.409286 0 0.0344397
97 -0.252333 0 0.0658302
98 -0.0540478 0 0.11733
99 2.96688 0 0.709618
100 -2.34161 0.232636 0
101 0.19128 0 0.299638
102 1.78799 0 0.564598
103 0.575178 0 0.154039
104 1.12722 0 0.371467
105 1.4956 0 0.41202
106 0.980239 0 0.279006
107 1.0852 0 0.338302
108 1.17702 0 0.357056
109 0.977214 0 0.300574
110 1.11194 0 0.348703
111 1.09546 0 0.33743
112 1.02686 0 0.321609
113 1.06662 0 0.333677
114 1.10741 0 0.34539
115 1.04352 0 0.327374
116 0.0941411 0 0.0844644
117 -0.0273929 0 0.109801
118 0.846679 0 0.345198
119 0.528153 0 0.210465
120 0.510445 0 0.225483
121 0.582509 0 0.245865
122 0.485398 0 0.220176
123 0.643788 0 0.264915
124 0.53469 0 0.227581
125 0.467651 0 0.220718
126 0.562575 0 0.245961
127 -0.456477 0 0.0364555
128 -0.315569 0 0.072776
129 -0.0656296 0 0.114309
130 -0.0380415 0 0.119827
131 -0.0380415 0 0.119827
132 -0.0380415 0 0.119827
133 -0.0380415 0 0.119827
134 -0.0349911 0 0.120585
135 -0.0349911 0 0.120402
136 -0.0349911 0 0.120402
137 -0.0349911 0 0.120402
138 -0.0349911 0 0.120402
139 -0.0322255 0 0.120955
140 -0.0322255 0 0.120955
141 -0.0322255 0 0.120955
142 -0.0322255 0 0.120955
143 -0.0322255 0 0.120955
144 -0.0325616 0 0.120888
145 -0.0325616 0 0.120888
146 -0.0325616 0 0.120888
147 -0.0325616 0 0.120888
148 -0.0325616 0 0.120888
149 -0.0321648 0 0.120967
150 -0.0321648 0 0.120967
151 -0.0321648 0 0.120967
152 -0.0321648 0 0.120967
153 -0.0321648 0 0.120967
154 -0.0319537 0 0.12101
155 -0.0319537 0 0.12101
156 -0.0319537 0 0.12101
157 -0.0319537 0 0.12101
158 -0.0319537 0 0.12101
159 -0.0313871 0 0.121123
160 -0.0313871 0 0.121123
161 -0.0313871 0 0.121123
162 -0.0313871 0 0.121123
163 -0.0298242 0 0.121435
164 -0.0298242 0 0.121435
165 -0.0298242 0 0.121435
166 -0.0298242 0 0.121435
167 -0.0298242 0 0.121435
168 -0.0311892 0 0.121163
169 -0.0311892 0 0.121163
170 -0.0311892 0 0.121163
171 -0.0311892 0 0.121163
172 -0.0311892 0 0.121163
173 -0.0297556 0 0.121449
174 -0.0297556 0 0.121449
175 -0.0297556 0 0.121449
176 -0.0297556 0 0.121449
177 -0.0297556 0 0.121449
178 -0.0303356 0 0.121333
179 -0.0303356 0 0.121333
180 -0.0303356 0 0.121333
181 -0.0303356 0 0.121333
182 -0.0300057 0 0.121399
183 -0.0300057 0 0.121399
184 -0.0300057 0 0.121399
185 -0.0300057 0 0.121399
186 -0.0300057 0 0.121399
187 -0.0303655 0 0.121327
188 -0.0303655 0 0.121327
189 -0.0303655 0 0.121327
190 -0.0303655 0 0.121327
191 -0.0299616 0 0.121408
192 -0.0299616 0 0.121378
193 -0.0299616 0 0.121378
194 -0.0299616 0 0.121378
195 -0.0299616 0 0.121378
196 -0.0308437 0 0.121202
197 -0.0308437 0 0.121202
198 -0.0308437 0 0.121202
199 -0.0308437 0 0.121202
200 -0.0308437 0 0.121202
201 -0.0317455 0 0.121021
202 -0.0317455 0 0.121021
203 -0.0317455 0 0.121021
204 -0.0317455 0 0.121021
205 -0.0317455 0 0.121021
206 -0.0317527 0 0.12102
207 -0.0317527 0 0.12102
208 -0.0317527 0 0.12102
209 -0.0317527 0 0.12102
210 -0.0317527 0 0.12102
211 -0.0301216 0 0.121346
212 -0.0301216 0 0.121346
213 -0.0301216 0 0.121346
214 -0.0301216 0 0.121346
215 -0.0301216 0 0.121346
216 -0.0311862 0 0.121133
217 -0.0311862 0 0.121133
218 -0.0311862 0 0.121133
219 -0.0311862 0 0.121133
220 -0.0308948 0 0.121191
221 -0.0308948 0 0.121191
222 -0.0308948 0 0.121191
223 -0.0308948 0 0.121191
224 -0.0308948 0 0.121191
225 -0.0303209 0 0.121306
226 -0.0303209 0 0.121306
227 -0.0303209 0 0.121306
228 -0.0303209 0 0.121306
229 -0.0304141 0 0.121288
230 -0.0304141 0 0.121288
231 -0.0304141 0 0.121288
232 -0.0304141 0 0.121288
233 -0.0304141 0 0.121288
234 -0.0300273 0 0.121365
235 -0.0300273 0 0.121365
236 -0.0300273 0 0.121365
237 -0.0300273 0 0.121365
238 -0.0300273 0 0.121365
239 -0.0304759 0 0.121275
240 -0.0304759 0 0.121275
241 -0.0304759 0 0.121275
242 -0.0304759 0 0.121275
243 -0.0304759 0 0.121275
244 -0.031414 0 0.121088
245 -0.031414 0 0.121088
246 -0.031414 0 0.121088
247 -0.031414 0 0.121088
248 -0.031414 0 0.121088
249 -0.0323054 0 0.120909
250 -0.0323054 0 0.120877
251 -0.0323054 0 0.120877
252 -0.0323054 0 0.120877
253 -0.0323054 0 0.120877
254 -0.0303185 0 0.121274
255 -0.0303185 0 0.121274
256 -0.0303185 0 0.121274
257 -0.0303185 0 0.121274
258 -0.0303185 0 0.121274
259 -0.0320412 0 0.12093
260 -0.0320412 0 0.12093
261 -0.0320412 0 0.12093
262 -0.0320412 0 0.12093
263 -0.0320412 0 0.12093
264 -0.032082 0 0.120922
265 -0.032082 0 0.120922
266 -0.032082 0 0.120922
267 -0.032082 0 0.120922
268 -0.032082 0 0.120922
269 -0.0325523 0 0.120828
270 -0.0325523 0 0.120828
271 -0.0325523 0 0.120828
272 -0.0325523 0 0.120828
273 -0.0317543 0 0.120987
274 -0.0317543 0 0.120987
275 -0.0317543 0 0.120987
276 -0.0317543 0 0.120987
277 -0.0317543 0 0.120987
278 -0.0317543 0 0.120987
279 -0.0298501 0 0.121368
280 -0.0298501 0 0.121368
281 -0.0298501 0 0.121368
282 -0.0298501 0 0.121368
283 -0.0298501 0 0.121368
284 -0.0312838 0 0.121081
285 -0.0312838 0 0.121081
286 -0.0312838 0 0.121081
287 -0.0312838 0 0.121081
288 -0.0312838 0 0.121081
289 -0.0310787 0 0.121122
290 -0.0310787 0 0.121122
291 -0.0310787 0 0.121122
292 -0.0310787 0 0.121122
293 -0.0310787 0 0.121122
294 -0.0318964 0 0.120959
295 -0.0318964 0 0.120959
296 -0.0318964 0 0.120959
297 -0.0318964 0 0.120959
298 -0.0323542 0 0.120867
299 -0.0323542 0 0.120867
300 -0.0323542 0 0.120867
301 -0.0323542 0 0.120867
302 -0.0323542 0 0.120867
303 -0.0305385 0 0.12123
304 -0.0305385 0 0.12123
305 -0.0305385 0 0.12123
306 -0.0305385 0 0.12123
307 -0.0305385 0 0.12123
308 -0.0303651 0 0.121265
309 -0.0303651 0 0.121265
310 -0.0303651 0 0.121235
311 -0.0303651 0 0.121235
312 -0.0303651 0 0.121235
313 -0.0298162 0 0.121344
314 -0.0298162 0 0.121344
315 -0.0298162 0 0.121344
316 -0.0298162 0 0.121344
317 -0.0298162 0 0.121344
318 -0.0299889 0 0.12131
319 -0.0299889 0 0.12131
320 -0.0299889 0 0.12131
321 -0.0299889 0 0.12131
322 -0.0299889 0 0.12131
323 -0.0317232 0 0.120963
324 -0.0317232 0 0.120963
325 -0.0317232 0 0.120963
326 -0.0317232 0 0.120963
327 -0.0317232 0 0.120963
328 -0.0300135 0 0.121305
329 -0.0300135 0 0.121305
330 -0.0300135 0 0.121305
331 -0.0300135 0 0.121305
332 -0.0300135 0 0.121305
333 -0.0313142 0 0.121045
334 -0.0313142 0 0.121045
335 -0.0313142 0 0.121045
336 -0.0313142 0 0.121045
337 -0.0313142 0 0.121045
338 -0.0313719 0 0.121033
339 -0.0313719 0 0.121033
340 -0.0313719 0 0.121033
341 -0.0313719 0 0.121033
342 -0.0313719 0 0.121033
343 -0.0314148 0 0.121025
344 -0.0314148 0 0.121025
345 -0.0314148 0 0.121025
346 -0.0314148 0 0.121025
347 -0.0314148 0 0.121025
348 -0.0312095 0 0.121066
349 -0.0312095 0 0.121066
350 -0.0312095 0 0.121066
351 -0.0312095 0 0.121066
352 -0.0312095 0 0.121066
353 -0.0296999 0 0.121368
354 -0.0296999 0 0.121368
355 -0.0296999 0 0.121368
356 -0.0296999 0 0.121368
357 -0.0296999 0 0.121368
358 -0.031151 0 0.121078
359 -0.031151 0 0.121078
360 -0.031151 0 0.121078
361 -0.031151 0 0.121078
362 -0.031151 0 0.121078
363 -0.0308217 0 0.121143
364 -0.0308217 0 0.121143
365 -0.0308217 0 0.121143
366 -0.0308217 0 0.121143
367 -0.0308217 0 0.121143
368 -0.0310736 0 0.121047
369 -0.0310736 0 0.121062
370 -0.0310736 0 0.121062
371 -0.0310736 0 0.121062
372 -0.030705 0 0.121136
373 -0.030705 0 0.121136
374 -0.030705 0 0.121136
375 -0.030705 0 0.121136
376 -0.030705 0 0.121136
377 -0.0303699 0 0.121203
378 -0.0303699 0 0.121203
379 -0.0303699 0 0.121203
380 -0.0303699 0 0.121203
381 -0.0303699 0 0.121203
382 -0.0307752 0 0.121122
383 -0.0307752 0 0.121122
384 -0.0307752 0 0.121122
385 -0.0307752 0 0.121122
386 -0.0294726 0 0.121382
387 -0.0294726 0 0.121382
388 -0.0294726 0 0.121382
389 -0.0294726 0 0.121382
390 -0.0294726 0 0.121382
391 -0.0298683 0 0.121303
392 -0.0298683 0 0.121303
393 -0.0298683 0 0.121303
394 -0.0298683 0 0.121303
395 -0.0298683 0 0.121303
396 -0.0289244 0 0.121492
397 -0.0289244 0 0.121492
398 -0.0289244 0 0.121492
399 -0.0289244 0 0.121492
400 -0.0289244 0 0.121492
401 -0.0294677 0 0.121383
402 -0.0294677 0 0.121383
403 -0.0294677 0 0.121383
404 -0.0294677 0 0.121383
405 -0.0294677 0 0.121383
406 -0.0289451 0 0.121488
407 -0.0289451 0 0.121488
408 -0.0289451 0 0.121488
409 -0.0302242 0 0.121232
410 -0.0302242 0 0.121232
411 -0.0302242 0 0.121232
412 -0.0302242 0 0.121232
413 -0.0302242 0 0.121232
414 -0.0305778 0 0.121161
415 -0.0305778 0 0.121161
416 -0.0305778 0 0.121161
417 -0.0305778 0 0.121161
418 -0.0320575 0 0.120865
419 -0.0320575 0 0.120865
420 -0.0320575 0 0.120865
421 -0.0309373 0 0.121089
422 -0.0309373 0 0.121089
423 -0.0309373 0 0.121089
424 -0.0309373 0 0.121058
425 -0.0309373 0 0.121058
426 -0.0313384 0 0.120978
427 -0.0313384 0 0.120978
428 -0.0313384 0 0.120978
429 -0.0313384 0 0.120978
430 -0.0309244 0 0.121061
431 -0.0309244 0 0.121061
432 -0.0309244 0 0.121061
433 -0.0309244 0 0.121061
434 -0.0309244 0 0.121061
435 -0.031281 0 0.12099
436 -0.031281 0 0.12099
437 -0.031281 0 0.12099
438 -0.031281 0 0.12099
439 -0.031281 0 0.12099
440 -0.0320753 0 0.120831
441 -0.0320753 0 0.120831
442 -0.0320753 0 0.120831
443 -0.0320753 0 0.120831
444 -0.0320753 0 0.120831
445 -0.0312888 0 0.120988
446 -0.0312888 0 0.120988
447 -0.0312888 0 0.120988
448 -0.0312888 0 0.120988
449 -0.0312888 0 0.120988
450 -0.032263 0 0.120793
451 -0.032263 0 0.120793
452 -0.032263 0 0.120793
453 -0.032263 0 0.120793
454 -0.032263 0 0.120793
455 -0.0322447 0 0.120797
456 -0.0322447 0 0.120797
457 -0.0322447 0 0.120797
458 -0.0322447 0 0.120797
459 -0.0322447 0 0.120797
460 -0.0306495 0 0.121116
461 -0.0306495 0 0.121116
462 -0.0306495 0 0.121116
463 -0.0306495 0 0.121116
464 -0.0306495 0 0.121116
465 -0.0304285 0 0.12116
466 -0.0304285 0 0.12116
467 -0.0304285 0 0.12116
468 -0.0304285 0 0.12116
469 -0.0304285 0 0.12116
470 -0.0308221 0 0.121081
471 -0.0308221 0 0.121081
472 -0.0308221 0 0.121081
473 -0.0308221 0 0.121081
474 -0.0308221 0 0.121081
475 -0.0316561 0 0.120914
476 -0.0316561 0 0.120914
477 -0.0316561 0 0.120914
478 -0.0316561 0 0.120914
479 -0.0316561 0 0.120914
480 -0.0325823 0 0.120729
481 -0.0325823 0 0.120729
482 -0.0325823 0 0.120697
483 -0.0325823 0 0.120697
484 -0.0328658 0 0.12064
485 -0.0328658 0 0.12064
486 -0.0328658 0 0.12064
487 -0.0328658 0 0.12064
488 -0.0328658 0 0.12064
489 -0.0314952 0 0.120914
490 -0.0314952 0 0.120914
491 -0.0314952 0 0.120914
492 -0.0314952 0 0.120914
493 -0.0314952 0 0.120914
494 -0.0323355 0 0.120746
495 -0.0323355 0 0.120746
496 -0.0323355 0 0.120746
497 -0.0323355 0 0.120746
498 -0.0323355 0 0.120746
499 -0.0318328 0 0.120847
500 -0.0318328 0 0.120847
501 -0.0318328 0 0.120847
502 -0.0318328 0 0.120847
503 -0.0318328 0 0.120847
504 -0.032117 0 0.12079
505 -0.032117 0 0.12079
506 -0.032117 0 0.12079
507 -0.032117 0 0.12079
508 -0.032117 0 0.12079
509 -0.0313041 0 0.120952
510 -0.0313041 0 0.120952
511 -0.0313041 0 0.120952
512 -0.0313041 0 0.120952
513 -0.0313041 0 0.120952
514 -0.0322478 0 0.120764
515 -0.0322478 0 0.120764
516 -0.0322478 0 0.120764
517 -0.0322478 0 0.120764
518 -0.0322478 0 0.120764
519 -0.0329062 0 0.120632
520 -0.0329062 0 0.120632
521 -0.0329062 0 0.120632
522 -0.0329062 0 0.120632
523 -0.0329062 0 0.120632
524 -0.0312451 0 0.120964
525 -0.0312451 0 0.120964
526 -0.0312451 0 0.120964
527 -0.0312451 0 0.120964
528 -0.0308557 0 0.121042
529 -0.0308557 0 0.121042
530 -0.0308557 0 0.121042
531 -0.0308557 0 0.121042
532 -0.0308557 0 0.121042
533 -0.0323794 0 0.120737
534 -0.0323794 0 0.120737
535 -0.0323794 0 0.120737
536 -0.0323794 0 0.120737
537 -0.0309655 0 0.12102
538 -0.0309655 0 0.12102
539 -0.0309655 0 0.12102
540 -0.0309655 0 0.120989
541 -0.0309655 0 0.120989
542 -0.0308912 0 0.121004
543 -0.0308912 0 0.121004
544 -0.0308912 0 0.121004
545 -0.0308912 0 0.121004
546 -0.0308912 0 0.121004
547 -0.0314566 0 0.120891
548 -0.0314566 0 0.120891
549 -0.0314566 0 0.120891
550 -0.0314566 0 0.120891
551 -0.0314566 0 0.120891
552 -0.0317182 0 0.120839
553 -0.0317182 0 0.120839
554 -0.0317182 0 0.120839
555 -0.0317182 0 0.120839
556 -0.0317182 0 0.120839
557 -0.032131 0 0.120756
558 -0.032131 0 0.120756
559 -0.032131 0 0.120756
560 -0.032131 0 0.120756
561 -0.031277 0 0.120927
562 -0.031277 0 0.120927
563 -0.031277 0 0.120927
564 -0.031277 0 0.120927
565 -0.031277 0 0.120927
566 -0.0305683 0 0.121069
567 -0.0305683 0 0.121069
568 -0.0305683 0 0.121069
569 -0.0305683 0 0.121069
570 -0.0305683 0 0.121069
571 -0.0308033 0 0.121022
572 -0.0308033 0 0.121022
573 -0.0308033 0 0.121022
574 -0.0308033 0 0.121022
575 -0.0299153 0 0.121199
576 -0.0299153 0 0.121199
577 -0.0299153 0 0.121199
578 -0.0299153 0 0.121199
579 -0.0299153 0 0.121199
580 -0.0311772 0 0.120947
581 -0.0311772 0 0.120947
582 -0.0311772 0 0.120947
583 -0.0311772 0 0.120947
584 -0.0311772 0 0.120947
585 -0.0306537 0 0.121051
586 -0.0306537 0 0.121051
587 -0.0306537 0 0.121051
588 -0.0306537 0 0.121051
589 -0.0306537 0 0.121051
590 -0.0312503 0 0.120932
591 -0.0312503 0 0.120932
592 -0.0312503 0 0.120932
593 -0.0312503 0 0.120932
594 -0.0312503 0 0.120932
595 -0.0312245 0 0.120937
596 -0.0312245 0 0.120937
597 -0.0312245 0 0.120937
598 -0.0312245 0 0.120937
599 -0.029852 0 0.121264
600 -0.029852 0 0.121182
601 -0.029852 0 0.121182
602 -0.029852 0 0.121182
603 -0.029852 0 0.121182
604 -0.0303391 0 0.121084
605 -0.0303391 0 0.121084
606 -0.0303391 0 0.121084
607 -0.0303391 0 0.121084
608 -0.0303391 0 0.121084
609 -0.0315876 0 0.120835
610 -0.0315876 0 0.120835
611 -0.0315876 0 0.120835
612 -0.0315876 0 0.120835
613 -0.0315876 0 0.120835
614 -0.0300208 0 0.121148
615 -0.0300208 0 0.121148
616 -0.0300208 0 0.121148
617 -0.0300208 0 0.121148
618 -0.0300208 0 0.121148
619 -0.0316843 0 0.120815
620 -0.0316843 0 0.120815
621 -0.0316843 0 0.120815
622 -0.0316843 0 0.120815
623 -0.0316843 0 0.120815
624 -0.0312149 0 0.120909
625 -0.0312149 0 0.120909
626 -0.0312149 0 0.120909
627 -0.0312149 0 0.120909
628 -0.0312149 0 0.120909
629 -0.0295259 0 0.121247
630 -0.0295259 0 0.121247
631 -0.0295259 0 0.121247
632 -0.0295259 0 0.121247
633 -0.0295259 0 0.121247
634 -0.0301197 0 0.121128
635 -0.0301197 0 0.121128
636 -0.0301197 0 0.121128
637 -0.0301197 0 0.121128
638 -0.0301197 0 0.121128
639 -0.0314464 0 0.120863
640 -0.0314464 0 0.120863
641 -0.0314464 0 0.120863
642 -0.0314464 0 0.120863
643 -0.0314464 0 0.120863
644 -0.0319765 0 0.120757
645 -0.0319765 0 0.120757
646 -0.0319765 0 0.120757
647 -0.0319765 0 0.120757
648 -0.0319765 0 0.120757
649 -0.0325465 0 0.120643
650 -0.0325465 0 0.120643
651 -0.0325465 0 0.120643
652 -0.0325465 0 0.120643
653 -0.0330405 0 0.120544
654 -0.0330405 0 0.120544
655 -0.0330405 0 0.120544
656 -0.0330405 0 0.120544
657 -0.0330405 0 0.120511
658 -0.0319122 0 0.120737
659 -0.0319122 0 0.120737
660 -0.0319122 0 0.120737
661 -0.0319122 0 0.120737
662 -0.0319122 0 0.120737
663 -0.03179 0 0.120761
664 -0.03179 0 0.120761
665 -0.03179 0 0.120761
666 -0.03179 0 0.120761
667 -0.03179 0 0.120761
668 -0.0320647 0 0.120706
669 -0.0320647 0 0.120706
670 -0.0320647 0 0.120706
671 -0.0320647 0 0.120706
672 -0.0320647 0 0.120706
673 -0.0326851 0 0.120582
674 -0.0326851 0 0.120582
675 -0.0326851 0 0.120582
676 -0.0326851 0 0.120582
677 -0.0326851 0 0.120582
678 -0.0327674 0 0.120566
679 -0.0327674 0 0.120566
680 -0.0327674 0 0.120566
681 -0.0327674 0 0.120566
682 -0.0327674 0 0.120566
683 -0.0323585 0 0.120648
684 -0.0323585 0 0.120648
685 -0.0323585 0 0.120648
686 -0.0323585 0 0.120648
687 -0.0323585 0 0.120648
688 -0.031696 0 0.12078
689 -0.031696 0 0.12078
690 -0.031696 0 0.12078
691 -0.031696 0 0.12078
692 -0.031696 0 0.12078
693 -0.0300886 0 0.121102
694 -0.0300886 0 0.121102
695 -0.0300886 0 0.121102
696 -0.0300886 0 0.121102
697 -0.0300886 0 0.121102
698 -0.0317076 0 0.120778
699 -0.0317076 0 0.120778
700 -0.0317076 0 0.120778
701 -0.0317076 0 0.120778
702 -0.0316779 0 0.120784
703 -0.0316779 0 0.120784
704 -0.0316779 0 0.120784
705 -0.0316779 0 0.120784
706 -0.0316779 0 0.120784
707 -0.0299807 0 0.121123
708 -0.0299807 0 0.121123
709 -0.0299807 0 0.121123
710 -0.0299807 0 0.121123
711 -0.0299807 0 0.121123
712 -0.0301177 0 0.121096
713 -0.0301177 0 0.121096
714 -0.0301177 0 0.121096
715 -0.0301177 0 0.121096
716 -0.0301177 0 0.121066
717 -0.0289638 0 0.121296
718 -0.0289638 0 0.121296
719 -0.0289638 0 0.121296
720 -0.0289638 0 0.121296
721 -0.0289638 0 0.121296
722 -0.0309367 0 0.120902
723 -0.0309367 0 0.120902
724 -0.0309367 0 0.120902
725 -0.0309367 0 0.120902
726 -0.0309367 0 0.120902
727 -0.0307444 0 0.12094
728 -0.0307444 0 0.12094
729 -0.0307444 0 0.12094
730 -0.0307444 0 0.12094
731 -0.0307444 0 0.12094
732 -0.0294043 0 0.121208
733 -0.0294043 0 0.121208
734 -0.0294043 0 0.121208
735 -0.0294043 0 0.121208
736 -0.0309484 0 0.120899
737 -0.0309484 0 0.120899
738 -0.0309484 0 0.120899
739 -0.0309484 0 0.120899
740 -0.0309484 0 0.120899
741 -0.0309484 0 0.120899
742 -0.0317906 0 0.120731
743 -0.0317906 0 0.120731
744 -0.0317906 0 0.120731
745 -0.0317906 0 0.120731
746 -0.0317906 0 0.120731
747 -0.0311028 0 0.120869
748 -0.0311028 0 0.120869
749 -0.0311028 0 0.120869
750 -0.0311028 0 0.120869
751 -0.0294392 0 0.121201
752 -0.0294392 0 0.121201
753 -0.0294392 0 0.121201
754 -0.0294392 0 0.121201
755 -0.0294392 0 0.121201
756 -0.0305133 0 0.120986
757 -0.0305133 0 0.120986
758 -0.0305133 0 0.120986
759 -0.0305133 0 0.120986
760 -0.0305133 0 0.120986
761 -0.0320963 0 0.12067
762 -0.0320963 0 0.12067
763 -0.0320963 0 0.12067
764 -0.0320963 0 0.12067
765 -0.0320963 0 0.12067
766 -0.032436 0 0.120602
767 -0.032436 0 0.120602
768 -0.032436 0 0.120602
769 -0.032436 0 0.120602
770 -0.032436 0 0.120602
771 -0.0304558 0 0.120998
772 -0.0304558 0 0.120998
773 -0.0304558 0 0.120998
774 -0.0304558 0 0.120998
775 -0.0304558 0 0.120998
776 -0.0309338 0 0.120843
777 -0.0309338 0 0.120871
778 -0.0309338 0 0.120871
779 -0.0309338 0 0.120871
780 -0.0309338 0 0.120871
781 -0.0295454 0 0.121149
782 -0.0295454 0 0.121149
783 -0.0295454 0 0.121149
784 -0.0295454 0 0.121149
785 -0.0295454 0 0.121149
786 -0.0312058 0 0.120817
787 -0.0312058 0 0.120817
788 -0.0312058 0 0.120817
789 -0.0312058 0 0.120817
790 -0.0312058 0 0.120817
791 -0.0318254 0 0.120693
792 -0.0318254 0 0.120693
793 -0.0318254 0 0.120693
794 -0.0318254 0 0.120693
795 -0.0318409 0 0.12069
796 -0.0318409 0 0.12069
797 -0.0318409 0 0.12069
798 -0.0318409 0 0.12069
799 -0.0307904 0 0.1209
800 -0.0307904 0 0.1209
801 -0.0307904 0 0.1209
802 -0.0307904 0 0.1209
803 -0.0307904 0 0.1209
804 -0.030669 0 0.120924
805 -0.030669 0 0.120924
806 -0.030669 0 0.120924
807 -0.030669 0 0.120924
808 -0.030669 0 0.120924
809 -0.0291832 0 0.121222
810 -0.0291832 0 0.121222
811 -0.0291832 0 0.121222
812 -0.0291832 0 0.121222
813 -0.0291832 0 0.121222
814 -0.0307559 0 0.120907
815 -0.0307559 0 0.120907
816 -0.0307559 0 0.120907
817 -0.0307559 0 0.120907
818 -0.0318592 0 0.120686
819 -0.0318592 0 0.120686
820 -0.0318592 0 0.120686
821 -0.0318592 0 0.120686
822 -0.0318592 0 0.120686
823 -0.0323576 0 0.120587
824 -0.0323576 0 0.120587
825 -0.0323576 0 0.120587
826 -0.0323576 0 0.120587
827 -0.0323576 0 0.120587
828 -0.0304361 0 0.120971
829 -0.0304361 0 0.120971
830 -0.0304361 0 0.120971
831 -0.03015 0 0.121028
832 -0.03015 0 0.121028
833 -0.03015 0 0.120998
834 -0.03015 0 0.120998
835 -0.03015 0 0.120998
836 -0.0294668 0 0.121135
837 -0.0294668 0 0.121135
838 -0.0294668 0 0.121135
839 -0.0294668 0 0.121135
840 -0.0312958 0 0.120769
841 -0.0312958 0 0.120769
842 -0.0312958 0 0.120769
843 -0.0312958 0 0.120769
844 -0.0312619 0 0.120776
845 -0.0312619 0 0.120776
846 -0.0312619 0 0.120776
847 -0.0312619 0 0.120776
848 -0.0312619 0 0.120776
849 -0.0301934 0 0.120989
850 -0.0301934 0 0.120989
851 -0.0301934 0 0.120989
852 -0.0301934 0 0.120989
853 -0.0301934 0 0.120989
854 -0.030734 0 0.120881
855 -0.030734 0 0.120881
856 -0.030734 0 0.120881
857 -0.030734 0 0.120881
858 -0.029918 0 0.121044
859 -0.029918 0 0.121044
860 -0.029918 0 0.121044
861 -0.029918 0 0.121044
862 -0.029918 0 0.121044
863 -0.0300343 0 0.121021
864 -0.0300343 0 0.121021
865 -0.0300343 0 0.121021
866 -0.0300343 0 0.121021
867 -0.0300343 0 0.121021
868 -0.0288105 0 0.121266
869 -0.0288105 0 0.121266
870 -0.0288105 0 0.121266
871 -0.0288105 0 0.121266
872 -0.0296196 0 0.121104
873 -0.0296196 0 0.121104
874 -0.0296196 0 0.121104
875 -0.0296196 0 0.121104
876 -0.0296196 0 0.121104
877 -0.0295486 0 0.121118
878 -0.0295486 0 0.121118
879 -0.0295486 0 0.121118
880 -0.0295486 0 0.121118
881 -0.0305212 0 0.120924
882 -0.0305212 0 0.120924
883 -0.0305212 0 0.120924
884 -0.0305212 0 0.120924
885 -0.0305212 0 0.120924
886 -0.0320234 0 0.120623
887 -0.0320234 0 0.120623
888 -0.0320234 0 0.120623
889 -0.0320234 0 0.120623
890 -0.0320234 0 0.120591
891 -0.0305855 0 0.120879
892 -0.0305855 0 0.120879
893 -0.0305855 0 0.120879
894 -0.0305855 0 0.120879
895 -0.0305855 0 0.120879
896 -0.0304883 0 0.120898
897 -0.0304883 0 0.120898
898 -0.0304883 0 0.120898
899 -0.0304883 0 0.120898
900 -0.0304883 0 0.120898
901 -0.0307535 0 0.120845
902 -0.0307535 0 0.120845
903 -0.0307535 0 0.120845
904 -0.0307535 0 0.120845
905 -0.0307535 0 0.120845
906 -0.0317366 0 0.120649
907 -0.0317366 0 0.120649
908 -0.0317366 0 0.120649
909 -0.0317366 0 0.120649
910 -0.0317366 0 0.120649
911 -0.0299487 0 0.121006
912 -0.0299487 0 0.121006
913 -0.0299487 0 0.121006
914 -0.0299487 0 0.121006
915 -0.0299487 0 0.121006
916 -0.03174 0 0.120648
917 -0.03174 0 0.120648
918 -0.03174 0 0.120648
919 -0.03174 0 0.120648
920 -0.03174 0 0.120648
921 -0.0321672 0 0.120563
922 -0.0321672 0 0.120563
923 -0.0321672 0 0.120563
924 -0.0321672 0 0.120563
925 -0.0321672 0 0.120563
926 -0.0315764 0 0.120681
927 -0.0315764 0 0.120681
928 -0.0315764 0 0.120681
929 -0.0315764 0 0.120681
930 -0.0315764 0 0.120681
931 -0.0326428 0 0.120467
932 -0.0326428 0 0.120467
933 -0.0326428 0 0.120467
934 -0.0326428 0 0.120467
935 -0.0326428 0 0.120467
936 -0.0321794 0 0.12056
937 -0.0321794 0 0.12056
938 -0.0321794 0 0.12056
939 -0.0321794 0 0.12056
940 -0.0321794 0 0.12056
941 -0.0301428 0 0.120967
942 -0.0301428 0 0.120967
943 -0.0301428 0 0.120967
